2200 2 0
3000 0 0
3600 2 0
4200 3 0
4800 0 0
5100 1 0
5400 3 0
6000 0 0
6600 2 0
7200 3 0
7500 0 0
7800 3 0
8400 0 0
9000 1 0
9600 0 0
9900 2 0
10200 1 0
10800 0 0
11400 1 0
13000 0 0
13600 3 0
14200 1 0
14800 0 0
15100 3 0
15400 0 0
16000 1 0
16600 3 0
17200 2 0
17500 3 0
17800 0 0
18400 3 0
19000 2 0
19600 1 0
19900 0 0
20200 1 0
20800 0 0
22000 3 0
22300 0 0
22600 2 0
22600 1 0
22900 0 0
23200 3 0
23200 0 0
23500 3 0
23800 1 0
23800 3 0
24100 0 0
24400 1 0
24400 3 0
24700 2 0
25000 3 0
25000 0 0
25300 2 0
25300 3 0
25600 0 0
25600 3 0
25900 0 0
26200 3 0
26200 0 0
26500 3 0
26800 0 0
26800 2 0
27100 3 0
27100 1 0
27400 2 0
27400 1 0
27700 2 0
28000 3 0
28000 1 0
28300 2 0
28600 1 0
28600 0 0
28900 1 0
28900 0 0
29200 3 0
29200 0 0
29500 3 0
29800 1 0
29800 3 0
30100 1 0
30400 2 0
30400 3 0
30700 1 0
30700 3 0
31000 2 0
31000 0 0
31300 1 0
31600 3 0
31600 1 0
31900 0 0
33000 2 0
33600 0 0
34200 2 0
34500 1 0
34800 0 0
35400 3 0
36000 0 0
36300 3 0
36600 2 0
37200 1 0
37800 2 0
38100 3 0
38400 1 0
39000 3 0
39600 1 0
39900 3 0
40200 1 0
40800 0 0
41000 1 0
41600 2 0
42200 1 0
42500 3 0
42800 2 0
43400 0 0
44000 1 0
44300 3 0
44600 2 0
45200 1 0
45800 3 0
46100 2 0
46400 3 0
47000 1 0
47600 2 0
47900 3 0
48200 1 0
48800 3 0
49400 1 0
49700 0 0
50000 2 0
50300 1 0
50600 0 0
50600 3 0
50900 0 0
51200 2 0
51200 0 0
51500 1 0
51500 0 0
51800 2 0
51800 3 0
52100 0 0
52400 2 0
52400 1 0
52700 2 0
53000 0 0
53000 1 0
53300 2 0
53300 3 0
53600 1 0
53600 2 0
53900 0 0
54200 2 0
54200 3 0
54500 1 0
54800 3 0
54800 1 0
55100 2 0
55100 1 0
55400 3 0
55400 0 0
55700 1 0
56000 0 0
56000 1 0
56300 0 0
56600 1 0
56600 3 0
56900 0 0
56900 2 0
57200 1 0
57200 3 0
57500 0 0
57800 2 0
57800 1 0
58100 0 0
58400 1 0
58400 2 0
58700 3 0
59000 1 0
59000 3 0
59300 1 0
59600 0 0
59600 3 0
59900 2 0
61000 3 0
61600 2 0
62200 3 0
62800 2 0
63100 0 0
63400 2 0
64000 3 0
64600 2 0
65200 1 0
65500 2 0
65800 1 0
66400 2 0
67000 0 0
67600 2 0
67900 3 0
68200 1 0
68800 0 0
69400 1 0
70000 0 0
70600 1 0
71200 2 0
71800 0 0
72100 1 0
72400 2 0
73000 3 0
73600 0 0
74200 1 0
74500 0 0
74800 3 0
75400 0 0
76000 3 0
76600 0 0
76900 2 0
77200 3 0
77800 0 0
78400 1 0
79000 0 0
79150 3 0
79300 1 0
79600 0 0
79750 3 0
79900 1 0
80200 2 0
80350 3 0
80500 1 0
80800 0 0
80950 1 0
81100 2 0
81400 1 0
81550 2 0
81700 1 0
82000 2 0
82150 0 0
82300 1 0
82600 3 0
82750 1 0
82900 3 0
83200 1 0
83350 2 0
83500 3 0
83800 0 0
83800 2 0
83950 0 0
84100 1 0
84400 3 0
84550 1 0
84700 0 0
85000 3 0
85150 2 0
85300 0 0
85300 3 0
85600 1 0
85750 3 0
85900 0 0
86200 3 0
86350 1 0
86500 3 0
86800 1 0
86950 0 0
86950 2 0
87100 0 0
87400 3 0
87550 2 0
87700 3 0
88000 1 0
88150 3 0
88300 0 0
88600 3 0
88600 1 0
88750 0 0
88900 2 0
89000 3 0
89150 0 0
89300 1 0
89600 3 0
89750 1 0
89900 2 0
90200 3 0
90350 0 0
90500 1 0
90500 2 0
90800 1 0
90950 2 0
91100 0 0
91400 3 0
91550 2 0
91700 1 0
92000 2 0
92150 3 0
92150 1 0
92300 2 0
92600 0 0
92750 1 0
92900 0 0
93200 1 0
93350 2 0
93500 0 0
93800 2 0
93800 1 0
93950 2 0
94100 3 0
94400 2 0
94550 0 0
94700 2 0
95000 3 0
95150 1 0
95300 3 0
95300 0 0
95600 3 0
95750 0 0
95900 2 0
96200 3 0
96350 0 0
96500 2 0
96800 0 0
96950 2 0
96950 3 0
97100 1 0
97400 0 0
97550 3 0
97700 1 0
98000 2 0
98150 1 0
98300 3 0
98600 0 0
98750 3 0
98900 0 0
99200 1 0
99350 0 0
99500 1 0
99800 3 0
99950 1 0
100100 3 0
100400 0 0
100550 3 0
100700 2 0
101000 1 0
101150 3 0
101150 2 0
101300 0 0
101600 3 0
101750 2 0
101900 0 0
102200 1 0
102350 0 0
102500 3 0
102800 2 0
102800 0 0
102950 3 0
103100 2 0
103400 0 0
103550 2 0
103700 0 0
104000 1 0
104150 0 0
104300 2 0
104300 1 0
104600 2 0
104750 3 0
104900 0 0
105200 3 0
105350 1 0
105500 2 0
105800 3 0
105950 1 0
105950 0 0
106100 1 0
106400 3 0
106550 1 0
106700 2 0
108000 3 0
108300 2 0
108600 3 0
108600 1 0
108900 3 0
109200 0 0
109200 3 0
109500 0 0
109500 2 0
109800 3 0
109800 0 0
110100 2 0
110400 0 0
110400 3 0
110700 0 0
111000 1 0
111000 0 0
111300 1 0
111300 3 0
111600 2 0
111600 3 0
111900 0 0
112200 3 0
112200 0 0
112500 2 0
112800 3 0
112800 2 0
113100 3 0
113100 1 0
113400 2 0
113400 0 0
113700 3 0
114000 0 0
114000 1 0
114300 0 0
114600 2 0
114600 0 0
114900 1 0
115200 3 0
115200 2 0
115500 0 0
115800 1 0
115800 2 0
116100 1 0
116400 3 0
116400 2 0
116700 3 0
116700 0 0
117000 2 0
117000 3 0
117300 1 0
117600 2 0
117600 3 0
117900 2 0
118000 1 0
118600 3 0
119200 0 0
119800 3 0
120100 2 0
120400 1 0
121000 3 0
121600 0 0
122200 2 0
122500 0 0
122800 2 0
123400 0 0
124000 2 0
124600 1 0
124900 2 0
125200 0 0
125800 3 0
126400 0 0
127000 2 0
127600 0 0
128200 1 0
128800 3 0
129400 0 0
129400 1 0
130000 3 0
130600 2 0
131200 3 0
131800 1 0
131800 0 0
132400 2 0
133000 0 0
133600 3 0
134200 1 0
134800 2 0
135400 0 0
136000 3 0
136600 0 0
137200 3 0
137800 1 0
138400 3 0
139000 1 0
139600 0 0
